G3dErrFileVersion 2018P3.1
FlagFileMetaData Begin
   Classic initial meshing consolidated report :Title    
   Flags reported by classic initial meshing run. Both successful and unsuccessful runs report issues with the input. Studying these reprorts will help user make better models to improve robustness and solution accurary and optimize resource utilization :ToolTip  
   Classic :Author   
   1704106203 :TimeStamp
FlagFileMetaData End
BEGIN_ERR 
26 Unresolved intersections of 4018
 Unresolved intersections of 4018 
 The Face 4018  has 3 intersecting triangles at the end of stitch process. Please examine the model at these locations and edit the model, and/or add surface approximation and/or model resolution lengths to work around this issue. 
1 4018  # nfids, fids[]
2 6  -1  # nbids, bids[]
      0 3 0 3 #ntets ntri ned npts
           2.7242829509963301e-01   5.4697150184600052e-01   3.2469946920413997e-04 #xyz tv0
           2.7239837880781181e-01   5.4701962090015543e-01   9.4962654396690065e-05 #xyz tv1
           2.5289735724372964e-01   5.0801797544250193e-01   9.4078132330664455e-05 4018 -1 #xyz tv2 fid bid
           2.9189940037189405e-01   5.8602126635780882e-01   9.5847176462715675e-05 #xyz tv0
           2.7239837880781181e-01   5.4701962090015543e-01   9.4962654396690065e-05 #xyz tv1
           2.9192921240692943e-01   5.8597333646059335e-01   3.2469946920413856e-04 4018 -1 #xyz tv2 fid bid
           1.5542279125585454e-01   3.1296049415844351e-01   3.2469946920414832e-04 #xyz tv0
           1.5539224942331853e-01   3.1300974815423449e-01   8.9655522000536446e-05 #xyz tv1
           1.3589122785923630e-01   2.7400810269658105e-01   8.8770999934510849e-05 4018 -1 #xyz tv2 fid bid
           2.7239852524998864e-01   5.4701954767906691e-01   9.5452731735093721e-05 4018 -1 #xyz fid bid
           2.9189954681407082e-01   5.8602119313672041e-01   9.6337253801119331e-05 4018 -1 #xyz fid bid
           1.5539239586549533e-01   3.1300967493314602e-01   9.0145599338940102e-05 4018 -1 #xyz fid bid
   0   0.000000000000e+00   0.000000000000e+00   0.000000000000e+00 #flag location
END_ERR 
G3dErrFileVersion 2018P3.1
FlagFileMetaData Begin
   Low Quality elements and low altitude elements at the end of QImprove process :Title    
   At the end of QImprove process these elements still remain. :ToolTip  
   Classic :Author   
   1704106216 :TimeStamp
FlagFileMetaData End
BEGIN_ERR 
26 Low quality, low aspect ratio, low altitude elements.
 Low quality, low aspect ratio, low altitude elements. 
 INFO: Found 0 inverted tets, 77 low aspect ratio tets and 0 low altitude tets in body 6 FIFline 
1 -1  # nfids, fids[]
1 6  # nbids, bids[]
      77 0 0 0 #ntets ntri ned npts
           1.4996866293842666e+01  -9.9953137265153984e+00  -7.0710678118596074e-04 #xyz tv0
           1.0999029163626100e+01  -1.9997506995802694e+00  -6.4649216172217464e-04 #xyz tv1
           1.4997767436945692e+01  -9.9933417713330677e+00  -1.9509032201845834e-04 #xyz tv2
           1.4983823247766979e+01  -9.9692282669251711e+00  -7.0668340646235504e-04 -1 6 #xyz tv3 fid bid
           1.0000547515273045e+01   1.0344494519234360e-03  -2.8888687719178001e-04 #xyz tv0
           9.6882139626309787e+00   6.2563793217575092e-01  -3.8268343236729906e-04 #xyz tv1
           9.3758882046956060e+00   1.2502894480464952e+00  -3.8268343236715259e-04 #xyz tv2
           7.5009026878113971e+00   4.9962499465910506e+00  -4.6378926919939003e-04 -1 6 #xyz tv3 fid bid
           7.5009026878113971e+00   4.9962499465910506e+00  -4.6378926919939003e-04 #xyz tv0
           8.7512366888248625e+00   2.4995924797879838e+00  -3.8268343236685964e-04 #xyz tv1
           8.0006513159636743e+00   3.9969215706210770e+00  -6.0103119712433500e-04 #xyz tv2
           9.3757791430088897e+00   1.2502349172031362e+00  -5.6517156607915507e-04 -1 6 #xyz tv3 fid bid
           8.7512366888248625e+00   2.4995924797879838e+00  -3.8268343236685964e-04 #xyz tv0
           9.0003256579818398e+00   1.9984607853105385e+00  -8.0051559856216751e-04 #xyz tv1
           8.0006513159636743e+00   3.9969215706210770e+00  -6.0103119712433500e-04 #xyz tv2
           9.3757791430088897e+00   1.2502349172031362e+00  -5.6517156607915507e-04 -1 6 #xyz tv3 fid bid
           7.5009026878113971e+00   4.9962499465910506e+00  -4.6378926919939003e-04 #xyz tv0
           6.2515754201395186e+00   7.4948438921087916e+00  -4.2323635053496164e-04 #xyz tv1
           6.5014497342156581e+00   6.9951797041238049e+00  -4.9185731449743412e-04 #xyz tv2
           5.0033275936003960e+00   9.9954106702369145e+00   3.8268343236510182e-04 -1 6 #xyz tv3 fid bid
           9.9995572231551542e+00  -9.3794444443240366e-04  -5.4489510652824694e-04 #xyz tv0
           9.4998402397948869e+00   9.9858543552040380e-01  -6.2376167942325487e-04 #xyz tv1
           1.0000547515273045e+01   1.0344494519243241e-03   2.8888687718968062e-04 #xyz tv2
           7.5009026878113971e+00   4.9962499465910506e+00  -4.6378926919939003e-04 -1 6 #xyz tv3 fid bid
           1.0999029163626100e+01  -1.9997506995802694e+00  -6.4649216172217464e-04 #xyz tv0
           1.4997767436945692e+01  -9.9933417713330659e+00   1.9509032201425939e-04 #xyz tv1
           1.4983823247766979e+01  -9.9692282669251711e+00  -7.0668340646235504e-04 #xyz tv2
           9.9995572231551542e+00  -9.3794444443240366e-04  -5.4489510652824694e-04 -1 6 #xyz tv3 fid bid
           1.0000547515273045e+01   1.0344494519243241e-03   2.8888687718968062e-04 #xyz tv0
           9.4998402397948869e+00   9.9858543552040380e-01  -6.2376167942325487e-04 #xyz tv1
           8.0006513159636743e+00   3.9969215706210770e+00  -6.0103119712433500e-04 #xyz tv2
           7.5009026878113971e+00   4.9962499465910506e+00  -4.6378926919939003e-04 -1 6 #xyz tv3 fid bid
           8.0006513159636743e+00   3.9969215706210770e+00  -6.0103119712433500e-04 #xyz tv0
           9.6881109599268562e+00   6.2558643082368970e-01  -5.5503333642863476e-04 #xyz tv1
           9.3757791430088897e+00   1.2502349172031362e+00  -5.6517156607915507e-04 #xyz tv2
           9.0003256579818398e+00   1.9984607853105385e+00  -8.0051559856216751e-04 -1 6 #xyz tv3 fid bid
           8.0006513159636743e+00   3.9969215706210770e+00  -6.0103119712433500e-04 #xyz tv0
           9.3757791430088897e+00   1.2502349172031362e+00  -5.6517156607915507e-04 #xyz tv1
           9.6881109599268562e+00   6.2558643082368970e-01  -5.5503333642863476e-04 #xyz tv2
           7.5009026878113971e+00   4.9962499465910506e+00  -4.6378926919939003e-04 -1 6 #xyz tv3 fid bid
           5.0134687970591987e+00   9.9709965484434182e+00  -3.8268343187108884e-04 #xyz tv0
           5.0033956778163100e+00   9.9954447123448720e+00   0.0000000000000000e+00 #xyz tv1
           5.0022481524676410e+00   9.9934378376265336e+00  -3.8268343187053319e-04 #xyz tv2
           5.3145799693856102e+00   9.3687893512470986e+00  -3.9282166153664026e-04 -1 6 #xyz tv3 fid bid
           1.0999029163626100e+01  -1.9997506995802694e+00  -6.4649216172217464e-04 #xyz tv0
           9.9995572231551542e+00  -9.3794444443240366e-04  -5.4489510652824694e-04 #xyz tv1
           1.2087994864550179e+01  -4.1752024234417124e+00  -4.5683640581531068e-04 #xyz tv2
           1.4997767436945692e+01  -9.9933417713330659e+00   1.9509032201425939e-04 -1 6 #xyz tv3 fid bid
           1.4986175768287172e+01  -9.9707703977442659e+00  -7.0710678118858592e-04 #xyz tv0
           9.9946547372222572e+00   1.2271664385560932e-02  -7.0710678118751256e-04 #xyz tv1
           1.2087994864550179e+01  -4.1752024234417124e+00  -4.5683640581531068e-04 #xyz tv2
           1.2498913572821335e+01  -4.9969714394740414e+00  -9.2387953251100291e-04 -1 6 #xyz tv3 fid bid
           1.4997767436945692e+01  -9.9933417713330677e+00  -1.9509032201845834e-04 #xyz tv0
           1.4983806457621380e+01  -9.9691940540728261e+00  -7.0710678118536053e-04 #xyz tv1
           1.0999029163626100e+01  -1.9997506995802694e+00  -6.4649216172217464e-04 #xyz tv2
           1.4996866293842666e+01  -9.9953137265153984e+00  -7.0710678118596074e-04 -1 6 #xyz tv3 fid bid
           1.4997767436945692e+01  -9.9933417713330677e+00  -1.9509032201845834e-04 #xyz tv0
           1.0999029163626100e+01  -1.9997506995802694e+00  -6.4649216172217464e-04 #xyz tv1
           1.4983806457621380e+01  -9.9691940540728261e+00  -7.0710678118536053e-04 #xyz tv2
           1.2087994864550179e+01  -4.1752024234417124e+00  -4.5683640581531068e-04 -1 6 #xyz tv3 fid bid
           7.5041990976649018e+00   4.9916018046700810e+00   1.2341242936440844e-13 #xyz tv0
           6.2515754201395186e+00   7.4948438921087916e+00  -4.2323635053496164e-04 #xyz tv1
           5.6318252607908281e+00   8.7343138818941100e+00  -4.0293713554937725e-04 #xyz tv2
           1.0005070601729408e+01  -1.2207060896752608e-02  -3.8268343211827696e-04 -1 6 #xyz tv3 fid bid
           7.5041990976649018e+00   4.9916018046700810e+00   1.2341242936440844e-13 #xyz tv0
           7.5009026878113971e+00   4.9962499465910506e+00  -4.6378926919939003e-04 #xyz tv1
           6.2515754201395186e+00   7.4948438921087916e+00  -4.2323635053496164e-04 #xyz tv2
           1.0005070601729408e+01  -1.2207060896752608e-02  -3.8268343211827696e-04 -1 6 #xyz tv3 fid bid
           7.5041990976649018e+00   4.9916018046700810e+00   1.2341242936440844e-13 #xyz tv0
           6.2515754201395186e+00   7.4948438921087916e+00  -4.2323635053496164e-04 #xyz tv1
           7.5009026878113971e+00   4.9962499465910506e+00  -4.6378926919939003e-04 #xyz tv2
           5.0033275936003960e+00   9.9954106702369145e+00   3.8268343236510182e-04 -1 6 #xyz tv3 fid bid
           9.9994524847269588e+00  -1.0344494519802794e-03  -2.8888687705952090e-04 #xyz tv0
           5.0022325630543003e+00   9.9933417713329629e+00  -1.9509032175357669e-04 #xyz tv1
           7.5041990976649018e+00   4.9916018046700810e+00   1.2341242936440844e-13 #xyz tv2
           9.9994438916025317e+00  -1.0387460141814131e-03  -1.9134148793168573e-04 -1 6 #xyz tv3 fid bid
           1.0005070601729408e+01  -1.2207060896752608e-02  -3.8268343211827696e-04 #xyz tv0
           5.0134687970591987e+00   9.9709965484434182e+00  -3.8268343187108884e-04 #xyz tv1
           7.5041990976649018e+00   4.9916018046700810e+00   1.2341242936440844e-13 #xyz tv2
           9.9994524847269588e+00  -1.0344494519802794e-03  -2.8888687705952090e-04 -1 6 #xyz tv3 fid bid
           9.9946547372222572e+00   1.2271664385560932e-02  -7.0710678118751256e-04 #xyz tv0
           1.2087994864550179e+01  -4.1752024234417124e+00  -4.5683640581531068e-04 #xyz tv1
           1.2499078325313334e+01  -4.9963669489884044e+00  -5.9345437006375480e-04 #xyz tv2
           1.4986175768287172e+01  -9.9707703977442659e+00  -7.0710678118858592e-04 -1 6 #xyz tv3 fid bid
           8.7506253126563323e+00   2.4987493746873426e+00  -1.0000000000000000e-03 #xyz tv0
           9.9946547372222572e+00   1.2271664385560932e-02  -7.0710678118751256e-04 #xyz tv1
           7.5012506253126574e+00   4.9974987493746852e+00  -1.0000000000000000e-03 #xyz tv2
           8.7508785529570492e+00   2.4990986002545279e+00  -9.2387953251122203e-04 -1 6 #xyz tv3 fid bid
           8.7506253126563323e+00   2.4987493746873426e+00  -1.0000000000000000e-03 #xyz tv0
           7.5012506253126574e+00   4.9974987493746852e+00  -1.0000000000000000e-03 #xyz tv1
           9.9946547372222572e+00   1.2271664385560932e-02  -7.0710678118751256e-04 #xyz tv2
           8.7511060157353384e+00   2.4994733887634921e+00  -6.5028057562509711e-04 -1 6 #xyz tv3 fid bid
           7.5012506253126574e+00   4.9974987493746852e+00  -1.0000000000000000e-03 #xyz tv0
           9.9946547372222572e+00   1.2271664385560932e-02  -7.0710678118751256e-04 #xyz tv1
           7.5015335463356205e+00   4.9977886134973843e+00  -9.2387953251129500e-04 #xyz tv2
           8.7508785529570492e+00   2.4990986002545279e+00  -9.2387953251122203e-04 -1 6 #xyz tv3 fid bid
           5.0023075376818227e+00   9.9938037858052322e+00  -7.0710678072660380e-04 #xyz tv0
           5.0031337061573433e+00   9.9953137265153877e+00  -7.0710678118643931e-04 #xyz tv1
           7.2421606043630282e+00   5.5140976524430574e+00  -7.0710678082954901e-04 #xyz tv2
           6.5014623921324617e+00   6.9952577057217500e+00  -5.7830071482541524e-04 -1 6 #xyz tv3 fid bid
           7.5010864271785547e+00   4.9969714394732838e+00  -9.2387953233070464e-04 #xyz tv0
           9.0003256579818398e+00   1.9984607853105385e+00  -8.0051559856216751e-04 #xyz tv1
           9.9997764404214529e+00  -4.0858701217949545e-04  -9.2387953239088686e-04 #xyz tv2
           9.4820136710442338e+00   1.0343915190808834e+00  -7.0710678093249422e-04 -1 6 #xyz tv3 fid bid
           7.5010864271785547e+00   4.9969714394732838e+00  -9.2387953233070464e-04 #xyz tv0
           9.9997764404214529e+00  -4.0858701217949545e-04  -9.2387953239088686e-04 #xyz tv1
           9.0003256579818398e+00   1.9984607853105385e+00  -8.0051559856216751e-04 #xyz tv2
           8.7506253126563323e+00   2.4987493746873426e+00  -1.0000000000000000e-03 -1 6 #xyz tv3 fid bid
           8.7511060157353384e+00   2.4994733887634921e+00  -6.5028057562509711e-04 #xyz tv0
           9.9946547372222572e+00   1.2271664385560932e-02  -7.0710678118751256e-04 #xyz tv1
           9.0003256579818398e+00   1.9984607853105385e+00  -8.0051559856216751e-04 #xyz tv2
           9.3757680673316717e+00   1.2501666658048427e+00  -6.4080954136487339e-04 -1 6 #xyz tv3 fid bid
           9.6880990931298392e+00   6.2551330432551799e-01  -6.3607402423476148e-04 #xyz tv0
           9.3757680673316717e+00   1.2501666658048427e+00  -6.4080954136487339e-04 #xyz tv1
           9.0003256579818398e+00   1.9984607853105385e+00  -8.0051559856216751e-04 #xyz tv2
           9.9946547372222572e+00   1.2271664385560932e-02  -7.0710678118751256e-04 -1 6 #xyz tv3 fid bid
           9.4820136710442338e+00   1.0343915190808834e+00  -7.0710678093249422e-04 #xyz tv0
           7.5010864271785547e+00   4.9969714394732838e+00  -9.2387953233070464e-04 #xyz tv1
           8.0006513159636743e+00   3.9969215706210770e+00  -6.0103119712433500e-04 #xyz tv2
           7.2421606043630282e+00   5.5140976524430574e+00  -7.0710678082954901e-04 -1 6 #xyz tv3 fid bid
           9.4820136710442338e+00   1.0343915190808834e+00  -7.0710678093249422e-04 #xyz tv0
           8.0006513159636743e+00   3.9969215706210770e+00  -6.0103119712433500e-04 #xyz tv1
           7.5010864271785547e+00   4.9969714394732838e+00  -9.2387953233070464e-04 #xyz tv2
           9.0003256579818398e+00   1.9984607853105385e+00  -8.0051559856216751e-04 -1 6 #xyz tv3 fid bid
           8.0006513159636743e+00   3.9969215706210770e+00  -6.0103119712433500e-04 #xyz tv0
           8.7506253126563323e+00   2.4987493746873426e+00  -1.0000000000000000e-03 #xyz tv1
           7.5010864271785547e+00   4.9969714394732838e+00  -9.2387953233070464e-04 #xyz tv2
           9.0003256579818398e+00   1.9984607853105385e+00  -8.0051559856216751e-04 -1 6 #xyz tv3 fid bid
           5.6269117863035802e+00   8.7441408648676635e+00  -4.0295989120274738e-04 #xyz tv0
           7.5041990976649018e+00   4.9916018046700810e+00   1.2341242936440844e-13 #xyz tv1
           6.2515754201395186e+00   7.4948438921087916e+00  -4.2323635053496164e-04 #xyz tv2
           5.6318252607908281e+00   8.7343138818941100e+00  -4.0293713554937725e-04 -1 6 #xyz tv3 fid bid
           5.6269117863035802e+00   8.7441408648676635e+00  -4.0295989120274738e-04 #xyz tv0
           6.2515754201395186e+00   7.4948438921087916e+00  -4.2323635053496164e-04 #xyz tv1
           7.5041990976649018e+00   4.9916018046700810e+00   1.2341242936440844e-13 #xyz tv2
           5.0033275936003960e+00   9.9954106702369145e+00   3.8268343236510182e-04 -1 6 #xyz tv3 fid bid
           5.6269117863035802e+00   8.7441408648676635e+00  -4.0295989120274738e-04 #xyz tv0
           5.3145799693856102e+00   9.3687893512470986e+00  -3.9282166153664026e-04 #xyz tv1
           7.5041990976649018e+00   4.9916018046700810e+00   1.2341242936440844e-13 #xyz tv2
           5.6318252607908281e+00   8.7343138818941100e+00  -4.0293713554937725e-04 -1 6 #xyz tv3 fid bid
           5.6269117863035802e+00   8.7441408648676635e+00  -4.0295989120274738e-04 #xyz tv0
           7.5041990976649018e+00   4.9916018046700810e+00   1.2341242936440844e-13 #xyz tv1
           5.3145799693856102e+00   9.3687893512470986e+00  -3.9282166153664026e-04 #xyz tv2
           5.0033275936003960e+00   9.9954106702369145e+00   3.8268343236510182e-04 -1 6 #xyz tv3 fid bid
           7.5041990976649018e+00   4.9916018046700810e+00   1.2341242936440844e-13 #xyz tv0
           5.0134687970591987e+00   9.9709965484434182e+00  -3.8268343187108884e-04 #xyz tv1
           5.3145799693856102e+00   9.3687893512470986e+00  -3.9282166153664026e-04 #xyz tv2
           5.0033275936003960e+00   9.9954106702369145e+00   3.8268343236510182e-04 -1 6 #xyz tv3 fid bid
           1.0005070601729408e+01  -1.2207060896752608e-02  -3.8268343211827696e-04 #xyz tv0
           7.5041990976649018e+00   4.9916018046700810e+00   1.2341242936440844e-13 #xyz tv1
           5.3145799693856102e+00   9.3687893512470986e+00  -3.9282166153664026e-04 #xyz tv2
           5.6318252607908281e+00   8.7343138818941100e+00  -4.0293713554937725e-04 -1 6 #xyz tv3 fid bid
           1.0005070601729408e+01  -1.2207060896752608e-02  -3.8268343211827696e-04 #xyz tv0
           5.3145799693856102e+00   9.3687893512470986e+00  -3.9282166153664026e-04 #xyz tv1
           7.5041990976649018e+00   4.9916018046700810e+00   1.2341242936440844e-13 #xyz tv2
           5.0134687970591987e+00   9.9709965484434182e+00  -3.8268343187108884e-04 -1 6 #xyz tv3 fid bid
           9.9946547372222572e+00   1.2271664385560932e-02  -7.0710678118751256e-04 #xyz tv0
           7.5012506253126574e+00   4.9974987493746852e+00  -1.0000000000000000e-03 #xyz tv1
           7.5017819125426737e+00   4.9980868346807910e+00  -6.6922264414554455e-04 #xyz tv2
           8.7511060157353384e+00   2.4994733887634921e+00  -6.5028057562509711e-04 -1 6 #xyz tv3 fid bid
           9.9946547372222572e+00   1.2271664385560932e-02  -7.0710678118751256e-04 #xyz tv0
           5.0031337061573433e+00   9.9953137265153877e+00  -7.0710678118643931e-04 #xyz tv1
           7.5012506253126574e+00   4.9974987493746852e+00  -1.0000000000000000e-03 #xyz tv2
           7.5015335463356205e+00   4.9977886134973843e+00  -9.2387953251129500e-04 -1 6 #xyz tv3 fid bid
           9.9946547372222572e+00   1.2271664385560932e-02  -7.0710678118751256e-04 #xyz tv0
           7.5012506253126574e+00   4.9974987493746852e+00  -1.0000000000000000e-03 #xyz tv1
           5.0031337061573433e+00   9.9953137265153877e+00  -7.0710678118643931e-04 #xyz tv2
           7.5017819125426737e+00   4.9980868346807910e+00  -6.6922264414554455e-04 -1 6 #xyz tv3 fid bid
           7.5009026878113971e+00   4.9962499465910506e+00  -4.6378926919939003e-04 #xyz tv0
           5.0031337061573433e+00   9.9953137265153877e+00  -7.0710678118643931e-04 #xyz tv1
           7.5017882415010835e+00   4.9981258354798150e+00  -6.2600094398227693e-04 #xyz tv2
           6.2524852097595947e+00   7.4967318989627927e+00  -6.2600094398169081e-04 -1 6 #xyz tv3 fid bid
           7.5009026878113971e+00   4.9962499465910506e+00  -4.6378926919939003e-04 #xyz tv0
           7.5017882415010835e+00   4.9981258354798150e+00  -6.2600094398227693e-04 #xyz tv1
           5.0031337061573433e+00   9.9953137265153877e+00  -7.0710678118643931e-04 #xyz tv2
           6.5014623921324617e+00   6.9952577057217500e+00  -5.7830071482541524e-04 -1 6 #xyz tv3 fid bid
           1.0000223559578480e+01   4.0858701167856282e-04   9.2387953250948947e-04 #xyz tv0
           1.3109033438560648e+01  -6.2180533310775141e+00   5.4399829171960330e-04 #xyz tv1
           1.4997603586064198e+01  -9.9943514659597401e+00   9.2387953250753791e-04 #xyz tv2
           1.2499052773277878e+01  -4.9965244077256692e+00   7.0710678118268363e-04 -1 6 #xyz tv3 fid bid
           1.2498058149001075e+01  -4.9982247081255524e+00  -2.8701246014857539e-04 #xyz tv0
           9.9994524847269588e+00  -1.0344494519802794e-03  -2.8888687705952090e-04 #xyz tv1
           1.4996866293842666e+01  -9.9953137265153984e+00   7.0710678118596063e-04 #xyz tv2
           9.9994438916025317e+00  -1.0387460141814131e-03  -1.9134148793168573e-04 -1 6 #xyz tv3 fid bid
           1.2498058149001075e+01  -4.9982247081255524e+00  -2.8701246014857539e-04 #xyz tv0
           1.4996866293842666e+01  -9.9953137265153984e+00   7.0710678118596063e-04 #xyz tv1
           9.9994524847269588e+00  -1.0344494519802794e-03  -2.8888687705952090e-04 #xyz tv2
           1.4996672406399616e+01  -9.9954106702369234e+00  -3.8268343236546508e-04 -1 6 #xyz tv3 fid bid
           9.9994158106686513e+00  -1.0676893147962829e-03   5.7211887261476735e-21 #xyz tv0
           1.4996866293842666e+01  -9.9953137265153984e+00   7.0710678118596063e-04 #xyz tv1
           9.9994438916025317e+00  -1.0387460141814131e-03  -1.9134148793168573e-04 #xyz tv2
           1.2498058149001075e+01  -4.9982247081255524e+00  -2.8701246014857539e-04 -1 6 #xyz tv3 fid bid
           9.9994158106686513e+00  -1.0676893147962829e-03   5.7211887261476735e-21 #xyz tv0
           1.4996672406399616e+01  -9.9954106702369234e+00   3.8268343236546476e-04 #xyz tv1
           1.4996866293842666e+01  -9.9953137265153984e+00   7.0710678118596063e-04 #xyz tv2
           1.2498058149001075e+01  -4.9982247081255524e+00  -2.8701246014857539e-04 -1 6 #xyz tv3 fid bid
           9.9994158106686513e+00  -1.0676893147962829e-03   5.7211887261476735e-21 #xyz tv0
           1.4996604322183702e+01  -9.9954447123448809e+00  -1.1102230246244016e-19 #xyz tv1
           1.4996672406399616e+01  -9.9954106702369234e+00   3.8268343236546476e-04 #xyz tv2
           1.2498058149001075e+01  -4.9982247081255524e+00  -2.8701246014857539e-04 -1 6 #xyz tv3 fid bid
           5.0033275936003960e+00   9.9954106702369145e+00   3.8268343236510182e-04 #xyz tv0
           7.5019886175986557e+00   4.9982480914253875e+00   4.8772580503564848e-05 #xyz tv1
           7.5041990976649018e+00   4.9916018046700810e+00   1.2341242936440844e-13 #xyz tv2
           1.0000547515273045e+01   1.0344494519243241e-03   2.8888687718968062e-04 -1 6 #xyz tv3 fid bid
           1.0000000000000005e+01   0.0000000000000000e+00   1.0000000000000000e-03 #xyz tv0
           1.0000223559578480e+01   4.0858701167856282e-04   9.2387953250948947e-04 #xyz tv1
           1.3109033438560648e+01  -6.2180533310775141e+00   5.4399829171960330e-04 #xyz tv2
           1.4997603586064198e+01  -9.9943514659597401e+00   9.2387953250753791e-04 -1 6 #xyz tv3 fid bid
           1.0000000000000005e+01   0.0000000000000000e+00   1.0000000000000000e-03 #xyz tv0
           1.3109033438560648e+01  -6.2180533310775141e+00   5.4399829171960330e-04 #xyz tv1
           1.2498466453664390e+01  -4.9977886134973977e+00   9.2387953251128090e-04 #xyz tv2
           1.4997498749374701e+01  -9.9949974987493704e+00   1.0000000000000000e-03 -1 6 #xyz tv3 fid bid
           1.2498226604802486e+01  -4.9980343484350467e+00   7.0710678118600010e-04 #xyz tv0
           1.0005070601729408e+01  -1.2207060896752608e-02  -3.8268343211827696e-04 #xyz tv1
           9.9995698810720022e+00  -8.5994284620927175e-04   6.3133850710283428e-04 #xyz tv2
           1.4996866293842666e+01  -9.9953137265153984e+00   7.0710678118596063e-04 -1 6 #xyz tv3 fid bid
           5.0031337061573433e+00   9.9953137265153877e+00   7.0710678118643942e-04 #xyz tv0
           7.5019273281249639e+00   4.9981595424719378e+00   4.2590513252750549e-04 #xyz tv1
           7.5017733951975210e+00   4.9980343484350360e+00   7.0710678118518749e-04 #xyz tv2
           1.0000430118928007e+01   8.5994284619772543e-04   6.3133850710057795e-04 -1 6 #xyz tv3 fid bid
           7.2129483655386721e+00   5.5739080892582091e+00   7.9274962604254022e-04 #xyz tv0
           7.5017733951975210e+00   4.9980343484350360e+00   7.0710678118518749e-04 #xyz tv1
           9.9995869157623076e+00  -7.5497035469584972e-04   7.0710678118603956e-04 #xyz tv2
           1.0000413084237699e+01   7.5497035468341522e-04   7.0710678118393556e-04 -1 6 #xyz tv3 fid bid
           9.9994524847269659e+00  -1.0344494519358705e-03   2.8888687719088940e-04 #xyz tv0
           1.2498072671875047e+01  -4.9981595424719476e+00   4.2590513252902548e-04 #xyz tv1
           9.9995698810720022e+00  -8.5994284620927175e-04   6.3133850710283428e-04 #xyz tv2
           1.4996866293842666e+01  -9.9953137265153984e+00   7.0710678118596063e-04 -1 6 #xyz tv3 fid bid
           9.9994524847269659e+00  -1.0344494519358705e-03   2.8888687719088940e-04 #xyz tv0
           1.2498072671875047e+01  -4.9981595424719476e+00   4.2590513252902548e-04 #xyz tv1
           1.4996672406399616e+01  -9.9954106702369234e+00   3.8268343236546476e-04 #xyz tv2
           9.9994602794336576e+00  -9.8641630502083189e-04   3.8268343236545711e-04 -1 6 #xyz tv3 fid bid
           9.9994524847269659e+00  -1.0344494519358705e-03   2.8888687719088940e-04 #xyz tv0
           1.4996672406399616e+01  -9.9954106702369234e+00   3.8268343236546476e-04 #xyz tv1
           1.2498072671875047e+01  -4.9981595424719476e+00   4.2590513252902548e-04 #xyz tv2
           1.4996866293842666e+01  -9.9953137265153984e+00   7.0710678118596063e-04 -1 6 #xyz tv3 fid bid
           7.5041990976649018e+00   4.9916018046700810e+00   1.2341242936440844e-13 #xyz tv0
           7.5019336570833737e+00   4.9981985432709628e+00   3.8268343236434933e-04 #xyz tv1
           5.0033275936003960e+00   9.9954106702369145e+00   3.8268343236510182e-04 #xyz tv2
           1.0000547515273045e+01   1.0344494519243241e-03   2.8888687718968062e-04 -1 6 #xyz tv3 fid bid
           7.5041990976649018e+00   4.9916018046700810e+00   1.2341242936440844e-13 #xyz tv0
           8.7512366888248625e+00   2.4995924797879838e+00  -3.8268343236685964e-04 #xyz tv1
           1.0000547515273045e+01   1.0344494519234360e-03  -2.8888687719178001e-04 #xyz tv2
           7.5019463814481320e+00   4.9982049059339788e+00  -3.3578498909766721e-04 -1 6 #xyz tv3 fid bid
           9.3758882046956060e+00   1.2502894480464952e+00  -3.8268343236715259e-04 #xyz tv0
           7.5041990976649018e+00   4.9916018046700810e+00   1.2341242936440844e-13 #xyz tv1
           8.7512366888248625e+00   2.4995924797879838e+00  -3.8268343236685964e-04 #xyz tv2
           1.0000547515273045e+01   1.0344494519234360e-03  -2.8888687719178001e-04 -1 6 #xyz tv3 fid bid
           7.5008215549111270e+00   4.9961208222002460e+00   6.4092934320441584e-20 #xyz tv0
           9.9994438916025317e+00  -1.0387460141814131e-03  -1.9134148793168573e-04 #xyz tv1
           7.5041990976649018e+00   4.9916018046700810e+00   1.2341242936440844e-13 #xyz tv2
           5.0022272991536019e+00   9.9933093337152883e+00   1.2246467991473551e-19 -1 6 #xyz tv3 fid bid
           4.9921539656566072e+00   9.9851636374818469e+00  -9.2387953251125130e-04 #xyz tv0
          -4.3701602444882147e-04   7.0710678118654762e-04  -7.0710678118654751e-04 #xyz tv1
           2.4962481240620300e+00   4.9924962481240600e+00  -1.0000000000000000e-03 #xyz tv2
          -2.3651136813309726e-04   3.8268343236508978e-04  -9.2387953251128687e-04 -1 6 #xyz tv3 fid bid
           4.9928107581925447e+00   9.9847658102164587e+00  -9.2387953251127722e-04 #xyz tv0
           4.9924962481240600e+00   9.9849924962481200e+00  -1.0000000000000000e-03 #xyz tv1
          -4.3701602444882147e-04   7.0710678118654762e-04  -7.0710678118654751e-04 #xyz tv2
           2.4962481240620300e+00   4.9924962481240600e+00  -1.0000000000000000e-03 -1 6 #xyz tv3 fid bid
           4.9924962481240600e+00   9.9849924962481200e+00  -1.0000000000000000e-03 #xyz tv0
           4.9921539656566072e+00   9.9851636374818469e+00  -9.2387953251125130e-04 #xyz tv1
          -4.3701602444882147e-04   7.0710678118654762e-04  -7.0710678118654751e-04 #xyz tv2
           2.4962481240620300e+00   4.9924962481240600e+00  -1.0000000000000000e-03 -1 6 #xyz tv3 fid bid
           2.4965765203299988e+00   4.9922973344913659e+00  -9.2387953251128209e-04 #xyz tv0
          -5.1387648101565550e-04   8.3146961230252004e-04  -5.5557023301964006e-04 #xyz tv1
          -4.3701602444882147e-04   7.0710678118654762e-04  -7.0710678118654751e-04 #xyz tv2
           4.9928107581925447e+00   9.9847658102164587e+00  -9.2387953251127722e-04 -1 6 #xyz tv3 fid bid
           2.4965765203299988e+00   4.9922973344913659e+00  -9.2387953251128209e-04 #xyz tv0
          -4.3701602444882147e-04   7.0710678118654762e-04  -7.0710678118654751e-04 #xyz tv1
           2.4962481240620300e+00   4.9924962481240600e+00  -1.0000000000000000e-03 #xyz tv2
           4.9928107581925447e+00   9.9847658102164587e+00  -9.2387953251127722e-04 -1 6 #xyz tv3 fid bid
          -5.1387648101585803e-04   8.3146961230284768e-04   5.5557023301914968e-04 #xyz tv0
           6.3245553203367599e-04  -3.1622776601683794e-04   7.0710678118654762e-04 #xyz tv1
           2.4968549212430888e+00   4.9921287036560935e+00   7.0710678118666146e-04 #xyz tv2
           4.9931795950959739e+00   9.9844999676176140e+00   5.5557023301965882e-04 -1 6 #xyz tv3 fid bid
          -5.1387648101585803e-04   8.3146961230284768e-04   5.5557023301914968e-04 #xyz tv0
           2.4968549212430888e+00   4.9921287036560935e+00   7.0710678118666146e-04 #xyz tv1
           4.9930773869541438e+00   9.9845736350782044e+00   7.0710678118677530e-04 #xyz tv2
           4.9931795950959739e+00   9.9844999676176140e+00   5.5557023301965882e-04 -1 6 #xyz tv3 fid bid
           3.4228246745251361e-04  -1.7114123372625681e-04   9.2387953251128687e-04 #xyz tv0
           4.9928107581925447e+00   9.9847658102164587e+00   9.2387953251128025e-04 #xyz tv1
          -2.3651136813399818e-04   3.8268343236654760e-04   9.2387953251068286e-04 #xyz tv2
           2.4968549212430888e+00   4.9921287036560935e+00   7.0710678118666146e-04 -1 6 #xyz tv3 fid bid
           4.9928107581925447e+00   9.9847658102164587e+00   9.2387953251128025e-04 #xyz tv0
          -5.1387648101585803e-04   8.3146961230284768e-04   5.5557023301914968e-04 #xyz tv1
           2.4968549212430888e+00   4.9921287036560935e+00   7.0710678118666146e-04 #xyz tv2
           4.9930773869541438e+00   9.9845736350782044e+00   7.0710678118677530e-04 -1 6 #xyz tv3 fid bid
           4.9928107581925447e+00   9.9847658102164587e+00   9.2387953251128025e-04 #xyz tv0
           2.4968549212430888e+00   4.9921287036560935e+00   7.0710678118666146e-04 #xyz tv1
          -5.1387648101585803e-04   8.3146961230284768e-04   5.5557023301914968e-04 #xyz tv2
          -4.3701602444929771e-04   7.0710678118731795e-04   7.0710678118577730e-04 -1 6 #xyz tv3 fid bid
           1.7503145078756919e+01  -4.9921287036560997e+00  -7.0710678118598828e-04 #xyz tv0
           2.0000000000000000e+01  -2.2260949119755520e-15  -2.6152142246476523e-20 #xyz tv1
           1.5006820404904037e+01  -9.9844999676176265e+00  -5.5557023301937118e-04 #xyz tv2
           1.9999367544467969e+01   3.1622776601488150e-04  -7.0710678118554972e-04 -1 6 #xyz tv3 fid bid
           2.4968549212430888e+00   4.9921287036560926e+00  -7.0710678118616262e-04 #xyz tv0
          -6.1803398874989515e-04   1.0000000000000000e-03  -6.1232339957367657e-20 #xyz tv1
           4.9931795950959739e+00   9.9844999676176140e+00  -5.5557023301927729e-04 #xyz tv2
           6.3245553203367588e-04  -3.1622776601683789e-04  -7.0710678118654762e-04 -1 6 #xyz tv3 fid bid
           1.7503145078756759e+01  -4.9921287036559860e+00   7.0710678099404384e-04 #xyz tv0
           1.5006820404903845e+01  -9.9844999676174861e+00   5.5557023267125024e-04 #xyz tv1
           2.0000000000000000e+01  -2.2260949119755520e-15  -2.6152142246476523e-20 #xyz tv2
           1.9999367544467969e+01   3.1622776601488155e-04   7.0710678118554950e-04 -1 6 #xyz tv3 fid bid
           1.7503145078756759e+01  -4.9921287036559860e+00   7.0710678099404384e-04 #xyz tv0
           2.0000000000000000e+01  -2.2260949119755520e-15  -2.6152142246476523e-20 #xyz tv1
           1.5006820404903845e+01  -9.9844999676174861e+00   5.5557023267125024e-04 #xyz tv2
           1.5006922613045552e+01  -9.9845736350779877e+00   7.0710678080253817e-04 -1 6 #xyz tv3 fid bid
   0   0.000000000000e+00   0.000000000000e+00   0.000000000000e+00 #flag location
END_ERR 
BEGIN_ERR 
26 Low quality, low aspect ratio, low altitude elements.
 Low quality, low aspect ratio, low altitude elements. 
 INFO: Found 0 inverted tets, 54 low aspect ratio tets and 1 low altitude tets in body 4061 Box1 
1 -1  # nfids, fids[]
1 4061  # nbids, bids[]
      54 0 0 0 #ntets ntri ned npts
           9.9946547372222572e+00   1.2271664385560932e-02  -7.0710678118751256e-04 #xyz tv0
           7.5017819125426737e+00   4.9980868346807910e+00  -6.6922264414554455e-04 #xyz tv1
           5.0031337061573433e+00   9.9953137265153877e+00  -7.0710678118643931e-04 #xyz tv2
           8.5070637746910336e+00   5.4440104364066375e+00  -2.1176066474569857e+00 -1 4061 #xyz tv3 fid bid
           6.2515754201395186e+00   7.4948438921087916e+00  -4.2323635053496164e-04 #xyz tv0
           6.5014497342156581e+00   6.9951797041238049e+00  -4.9185731449743412e-04 #xyz tv1
           7.4991250984126907e+00   4.9861464533604307e+00  -4.6912683256877710e-04 #xyz tv2
           7.5009026878113971e+00   4.9962499465910506e+00  -4.6378926919939003e-04 -1 4061 #xyz tv3 fid bid
           7.4991250984126907e+00   4.9861464533604307e+00  -4.6912683256877710e-04 #xyz tv0
           9.4998402397948869e+00   9.9858543552040380e-01  -6.2376167942325487e-04 #xyz tv1
           7.5009026878113971e+00   4.9962499465910506e+00  -4.6378926919939003e-04 #xyz tv2
           8.0006513159636743e+00   3.9969215706210770e+00  -6.0103119712433500e-04 -1 4061 #xyz tv3 fid bid
           9.9995572231551542e+00  -9.3794444443240366e-04  -5.4489510652824694e-04 #xyz tv0
           7.5009026878113971e+00   4.9962499465910506e+00  -4.6378926919939003e-04 #xyz tv1
           7.4991250984126907e+00   4.9861464533604307e+00  -4.6912683256877710e-04 #xyz tv2
           9.4998402397948869e+00   9.9858543552040380e-01  -6.2376167942325487e-04 -1 4061 #xyz tv3 fid bid
           6.2515754201395186e+00   7.4948438921087916e+00  -4.2323635053496164e-04 #xyz tv0
           7.4991250984126907e+00   4.9861464533604307e+00  -4.6912683256877710e-04 #xyz tv1
           1.0005070601729408e+01  -1.2207060896752608e-02  -3.8268343211827696e-04 #xyz tv2
           7.5009026878113971e+00   4.9962499465910506e+00  -4.6378926919939003e-04 -1 4061 #xyz tv3 fid bid
           6.2515754201395186e+00   7.4948438921087916e+00  -4.2323635053496164e-04 #xyz tv0
           1.0005070601729408e+01  -1.2207060896752608e-02  -3.8268343211827696e-04 #xyz tv1
           7.4991250984126907e+00   4.9861464533604307e+00  -4.6912683256877710e-04 #xyz tv2
           5.6318252607908281e+00   8.7343138818941100e+00  -4.0293713554937725e-04 -1 4061 #xyz tv3 fid bid
           7.4991250984126907e+00   4.9861464533604307e+00  -4.6912683256877710e-04 #xyz tv0
           5.3145926273024147e+00   9.3688673528450437e+00  -4.7926506186462143e-04 #xyz tv1
           4.9932555425968985e+00   9.9844452277560833e+00  -3.8268343236530934e-04 #xyz tv2
           8.2634297508638575e-04  -4.1317148754319282e-04  -3.8268343236508995e-04 -1 4061 #xyz tv3 fid bid
           7.4991250984126907e+00   4.9861464533604307e+00  -4.6912683256877710e-04 #xyz tv0
           5.3145926273024147e+00   9.3688673528450437e+00  -4.7926506186462143e-04 #xyz tv1
           5.0134687970591987e+00   9.9709965484434182e+00  -3.8268343187108884e-04 #xyz tv2
           4.9932555425968985e+00   9.9844452277560833e+00  -3.8268343236530934e-04 -1 4061 #xyz tv3 fid bid
           5.0022481524676410e+00   9.9934378376265336e+00  -3.8268343187053319e-04 #xyz tv0
           5.0134687970591987e+00   9.9709965484434182e+00  -3.8268343187108884e-04 #xyz tv1
           5.3145926273024147e+00   9.3688673528450437e+00  -4.7926506186462143e-04 #xyz tv2
           4.9931795950959739e+00   9.9844999676176140e+00  -5.5557023301927729e-04 -1 4061 #xyz tv3 fid bid
           5.3145926273024147e+00   9.3688673528450437e+00  -4.7926506186462143e-04 #xyz tv0
           5.0134687970591987e+00   9.9709965484434182e+00  -3.8268343187108884e-04 #xyz tv1
           5.0022481524676410e+00   9.9934378376265336e+00  -3.8268343187053319e-04 #xyz tv2
           5.3145799693856102e+00   9.3687893512470986e+00  -3.9282166153664026e-04 -1 4061 #xyz tv3 fid bid
           1.0999029163626100e+01  -1.9997506995802694e+00  -6.4649216172217464e-04 #xyz tv0
           5.6610050679919510e+00  -8.5609539084802204e+00  -4.3922151926536497e+00 #xyz tv1
           9.9995572231551542e+00  -9.3794444443240366e-04  -5.4489510652824694e-04 #xyz tv2
           1.4983823247766979e+01  -9.9692282669251711e+00  -7.0668340646235504e-04 -1 4061 #xyz tv3 fid bid
           8.6585087503063782e+00   9.5277599565635835e+00  -1.8755114814861924e+00 #xyz tv0
           6.2524852097595947e+00   7.4967318989627927e+00  -6.2600094398169081e-04 #xyz tv1
           7.5017882415010835e+00   4.9981258354798150e+00  -6.2600094398227693e-04 #xyz tv2
           5.0031337061573433e+00   9.9953137265153877e+00  -7.0710678118643931e-04 -1 4061 #xyz tv3 fid bid
           7.4991250984126907e+00   4.9861464533604307e+00  -4.6912683256877710e-04 #xyz tv0
           5.6318252607908281e+00   8.7343138818941100e+00  -4.0293713554937725e-04 #xyz tv1
           5.3145799693856102e+00   9.3687893512470986e+00  -3.9282166153664026e-04 #xyz tv2
           5.6269117863035802e+00   8.7441408648676635e+00  -4.0295989120274738e-04 -1 4061 #xyz tv3 fid bid
           1.0005070601729408e+01  -1.2207060896752608e-02  -3.8268343211827696e-04 #xyz tv0
           5.3145799693856102e+00   9.3687893512470986e+00  -3.9282166153664026e-04 #xyz tv1
           7.4991250984126907e+00   4.9861464533604307e+00  -4.6912683256877710e-04 #xyz tv2
           5.6318252607908281e+00   8.7343138818941100e+00  -4.0293713554937725e-04 -1 4061 #xyz tv3 fid bid
           1.0005070601729408e+01  -1.2207060896752608e-02  -3.8268343211827696e-04 #xyz tv0
           7.4991250984126907e+00   4.9861464533604307e+00  -4.6912683256877710e-04 #xyz tv1
           5.3145799693856102e+00   9.3687893512470986e+00  -3.9282166153664026e-04 #xyz tv2
           5.0134687970591987e+00   9.9709965484434182e+00  -3.8268343187108884e-04 -1 4061 #xyz tv3 fid bid
           8.7511060157353384e+00   2.4994733887634921e+00  -6.5028057562509711e-04 #xyz tv0
           1.1455786931993943e+01   3.2891528120682256e+00  -2.0753222328416800e+00 #xyz tv1
           9.9946547372222572e+00   1.2271664385560932e-02  -7.0710678118751256e-04 #xyz tv2
           9.3757680673316717e+00   1.2501666658048427e+00  -6.4080954136487339e-04 -1 4061 #xyz tv3 fid bid
           7.5017819125426737e+00   4.9980868346807910e+00  -6.6922264414554455e-04 #xyz tv0
           1.1455786931993943e+01   3.2891528120682256e+00  -2.0753222328416800e+00 #xyz tv1
           9.9946547372222572e+00   1.2271664385560932e-02  -7.0710678118751256e-04 #xyz tv2
           8.7511060157353384e+00   2.4994733887634921e+00  -6.5028057562509711e-04 -1 4061 #xyz tv3 fid bid
           1.4996866293842666e+01  -9.9953137265153984e+00  -7.0710678118596074e-04 #xyz tv0
           5.6610050679919510e+00  -8.5609539084802204e+00  -4.3922151926536497e+00 #xyz tv1
           1.0999029163626100e+01  -1.9997506995802694e+00  -6.4649216172217464e-04 #xyz tv2
           1.4983823247766979e+01  -9.9692282669251711e+00  -7.0668340646235504e-04 -1 4061 #xyz tv3 fid bid
           8.7512366888248625e+00   2.4995924797879838e+00  -3.8268343236685964e-04 #xyz tv0
           1.0000547515273045e+01   1.0344494519234360e-03  -2.8888687719178001e-04 #xyz tv1
